V_TRIP = 2.326052e-01
V_OH = 5.000000e-01
V_OL = 2.829867e-09
