V_TRIP = 2.425829e-01
V_OH = 5.000000e-01
V_OL = 2.112968e-08
