TPD_OH1 = 5.64240e-10
I_AVG = -1.41896e-06
I_SWITCH = -2.47981e-06
I_PEAK = 1.10456e-05
