TPD_OH1 = 6.56750e-10
I_AVG = -1.96974e-06
I_SWITCH = -2.42762e-06
I_PEAK = 1.10352e-05
