TPD_OH1 = 7.06990e-10
I_AVG = -4.59504e-07
I_SWITCH = -5.16616e-07
I_PEAK = 1.04806e-05
