TPD_OH1 = 6.83534e-10
I_AVG = -2.09769e-06
I_SWITCH = -2.22429e-06
I_PEAK = 1.17304e-05
