V_OH0_V0 = 3.999996e-01
V_OH1_V0 = 1.085237e-07
V_OH2_V0 = 2.454763e-08
V_OH0_V1 = 1.107644e-07
V_OH1_V1 = 3.999972e-01
V_OH2_V1 = 1.135638e-05
V_OH0_V2 = 1.165777e-07
V_OH1_V2 = 3.999983e-01
V_OH2_V2 = 6.656053e-06
V_OH0_V3 = 3.999748e-01
V_OH1_V3 = 3.583389e-05
V_OH2_V3 = -9.946357e-06
V_OH0_V4 = 8.059275e-08
V_OH1_V4 = 3.999969e-01
V_OH2_V4 = 9.580813e-08
V_OH0_V5 = 1.022369e-07
V_OH1_V5 = 1.059195e-07
V_OH2_V5 = 3.999982e-01
V_OH0_V6 = 1.118534e-07
V_OH1_V6 = 1.111059e-07
V_OH2_V6 = 3.999982e-01
V_OH0_V7 = 3.209268e-07
V_OH1_V7 = 3.999991e-01
V_OH2_V7 = 4.433786e-07
V_OH0_V8 = 1.107851e-07
V_OH1_V8 = 3.999983e-01
V_OH2_V8 = 1.404581e-07
V_OH0_V9 = 4.193149e-08
V_OH1_V9 = 1.004938e-07
V_OH2_V9 = 3.999982e-01
V_OH0_V10 = 1.133301e-07
V_OH1_V10 = 1.118034e-07
V_OH2_V10 = 3.999982e-01
V_OH0_V11 = 1.100104e-07
V_OH1_V11 = 3.999974e-01
V_OH2_V11 = 1.909288e-07
V_OH0_V12 = 3.999748e-01
V_OH1_V12 = 3.582936e-05
V_OH2_V12 = -7.993674e-06
V_OH0_V13 = 1.474570e-07
V_OH1_V13 = 3.999992e-01
V_OH2_V13 = 2.128264e-05
V_OH0_V14 = 1.169456e-07
V_OH1_V14 = 3.999983e-01
V_OH2_V14 = 9.134424e-06
V_OH0_V15 = 3.999741e-01
V_OH1_V15 = 3.670627e-05
V_OH2_V15 = -1.019530e-05
T_BI_RISE = 4.002500e-09
T_OH1_RISE = 1.270278e-09
TPD_OH1 = -2.732222e-09
I_AVG = -7.573240e-07
I_SWITCH = -8.348824e-07
