V_OH1_V0 = 1.108234e-07
V_OH2_V0 = 2.454763e-08
V_OH1_V1 = 3.999996e-01
V_OH2_V1 = 1.173746e-05
V_OH1_V2 = 3.999996e-01
V_OH2_V2 = 6.772979e-06
V_OH1_V3 = 2.313124e-07
V_OH2_V3 = 9.448328e-08
V_OH1_V4 = 3.999994e-01
V_OH2_V4 = 1.138965e-07
V_OH1_V5 = 1.714588e-07
V_OH2_V5 = 3.999978e-01
V_OH1_V6 = 1.228286e-07
V_OH2_V6 = 3.999982e-01
V_OH1_V7 = 3.999994e-01
V_OH2_V7 = 3.243750e-07
V_OH1_V8 = 3.999996e-01
V_OH2_V8 = 6.871821e-08
V_OH1_V9 = 1.750002e-07
V_OH2_V9 = 3.999979e-01
V_OH1_V10 = 1.224148e-07
V_OH2_V10 = 3.999982e-01
V_OH1_V11 = 3.999993e-01
V_OH2_V11 = 3.219713e-07
V_OH1_V12 = 2.144225e-07
V_OH2_V12 = 1.863714e-06
V_OH1_V13 = 3.999996e-01
V_OH2_V13 = 2.289896e-05
V_OH1_V14 = 3.999996e-01
V_OH2_V14 = 9.318695e-06
V_OH1_V15 = 2.550992e-07
V_OH2_V15 = 1.248420e-07
T_BI_RISE = 4.002500e-09
T_OH1_RISE = 1.226610e-09
TPD_OH1 = -2.775890e-09
I_AVG = -7.871244e-07
I_SWITCH = -9.806556e-07
