TPD_OH1 = FAILED
I_AVG = -8.629265e-08
I_SWITCH = -8.629265e-08
