TPD_OH1 = FAILED
I_AVG = -3.921089e-08
I_SWITCH = -7.211435e-08
