OH0_V0 = 4.999998e-01
OH1_V0 = 4.106932e-07
OH2_V0 = 4.106904e-07
OH0_V1 = 1.311967e-07
OH1_V1 = 4.999994e-01
OH2_V1 = 3.749483e-07
OH0_V2 = 1.216293e-08
OH1_V2 = 3.903234e-07
OH2_V2 = 4.999996e-01
OH0_V3 = 4.999996e-01
OH1_V3 = 4.056955e-07
OH2_V3 = 4.218082e-07
OH0_V4 = 9.486297e-08
OH1_V4 = 4.119720e-07
OH2_V4 = 4.999993e-01
P_AVG = -2.486644e-08
