V_OH0_V0 = 4.999997e-01
V_OH1_V0 = 7.641484e-08
V_OH2_V0 = 1.646826e-08
V_OH0_V1 = 8.526350e-08
V_OH1_V1 = 4.999989e-01
V_OH2_V1 = 1.123971e-05
V_OH0_V2 = 8.035086e-08
V_OH1_V2 = 4.999989e-01
V_OH2_V2 = 5.266888e-06
V_OH0_V3 = 4.999896e-01
V_OH1_V3 = 1.565992e-05
V_OH2_V3 = -4.395441e-06
V_OH0_V4 = 2.175429e-06
V_OH1_V4 = 4.999964e-01
V_OH2_V4 = 2.514241e-06
V_OH0_V5 = -1.494100e-08
V_OH1_V5 = 7.057794e-08
V_OH2_V5 = 4.999988e-01
V_OH0_V6 = 8.001015e-08
V_OH1_V6 = 7.862664e-08
V_OH2_V6 = 4.999988e-01
V_OH0_V7 = 9.557914e-08
V_OH1_V7 = 4.999986e-01
V_OH2_V7 = 9.030271e-08
V_OH0_V8 = 7.823638e-08
V_OH1_V8 = 4.999989e-01
V_OH2_V8 = 9.847518e-08
V_OH0_V9 = 8.747016e-09
V_OH1_V9 = 8.996559e-08
V_OH2_V9 = 4.999988e-01
V_OH0_V10 = 7.888613e-08
V_OH1_V10 = 7.808132e-08
V_OH2_V10 = 4.999988e-01
V_OH0_V11 = 9.064347e-07
V_OH1_V11 = 4.999977e-01
V_OH2_V11 = 9.774673e-07
V_OH0_V12 = 4.999895e-01
V_OH1_V12 = 1.593056e-05
V_OH2_V12 = -2.564595e-06
V_OH0_V13 = 9.103202e-08
V_OH1_V13 = 4.999990e-01
V_OH2_V13 = 1.311344e-05
V_OH0_V14 = 8.024612e-08
V_OH1_V14 = 4.999989e-01
V_OH2_V14 = 5.676064e-06
V_OH0_V15 = 4.999895e-01
V_OH1_V15 = 1.599392e-05
V_OH2_V15 = -4.433254e-06
T_BI_RISE = 4.002500e-09
T_OH1_RISE = 1.129047e-09
TPD_OH1 = -2.873453e-09
I_AVG = -9.322165e-07
I_SWITCH = -1.031599e-06
