TPD_OH1 = 3.03324e-10
I_AVG = -2.46525e-06
I_SWITCH = -5.49169e-06
I_PEAK = 1.53363e-05
