TPD_OH1 = 3.05155e-10
I_AVG = -2.62861e-06
I_SWITCH = -5.44909e-06
I_PEAK = 1.69792e-05
