V_OH0_V0 = 4.999989e-01
V_OH1_V0 = 7.802412e-08
V_OH2_V0 = 7.802098e-08
V_OH0_V1 = 1.785251e-07
V_OH1_V1 = 5.000001e-01
V_OH2_V1 = 8.047135e-08
V_OH0_V2 = 9.512140e-08
V_OH1_V2 = 4.999997e-01
V_OH2_V2 = 7.805010e-08
V_OH0_V3 = 4.999988e-01
V_OH1_V3 = 1.041648e-07
V_OH2_V3 = 7.925180e-08
V_OH0_V4 = 1.462998e-05
V_OH1_V4 = 4.999998e-01
V_OH2_V4 = 9.146803e-08
V_OH0_V5 = -2.559939e-07
V_OH1_V5 = 1.100198e-07
V_OH2_V5 = 4.999998e-01
V_OH0_V6 = 4.459520e-08
V_OH1_V6 = 1.088591e-07
V_OH2_V6 = 4.999997e-01
V_OH0_V7 = 6.062632e-06
V_OH1_V7 = 4.999995e-01
V_OH2_V7 = 9.035635e-08
V_OH0_V8 = 3.821499e-06
V_OH1_V8 = 4.999997e-01
V_OH2_V8 = 8.049720e-08
V_OH0_V9 = -1.037599e-06
V_OH1_V9 = 9.694885e-08
V_OH2_V9 = 4.999998e-01
V_OH0_V10 = -4.975551e-08
V_OH1_V10 = 8.938274e-08
V_OH2_V10 = 4.999997e-01
V_OH0_V11 = 2.788537e-06
V_OH1_V11 = 4.999995e-01
V_OH2_V11 = 9.043238e-08
V_OH0_V12 = 4.999988e-01
V_OH1_V12 = 1.025754e-07
V_OH2_V12 = 7.802089e-08
V_OH0_V13 = 1.262698e-07
V_OH1_V13 = 5.000001e-01
V_OH2_V13 = 7.586017e-08
V_OH0_V14 = -4.203708e-08
V_OH1_V14 = 4.999998e-01
V_OH2_V14 = 7.851798e-08
V_OH0_V15 = 4.999988e-01
V_OH1_V15 = 1.049303e-07
V_OH2_V15 = 7.912163e-08
T_BI_RISE = 4.002500e-09
T_OH1_RISE = 1.137963e-09
TPD_OH1 = -2.864537e-09
I_AVG = -1.109233e-06
I_SWITCH = -1.311636e-06
