V_OH1_V0 = 7.802413e-08
V_OH2_V0 = 1.646826e-08
V_OH1_V1 = 4.999992e-01
V_OH2_V1 = 1.144187e-05
V_OH1_V2 = 4.999998e-01
V_OH2_V2 = 5.309528e-06
V_OH1_V3 = 1.049745e-07
V_OH2_V3 = -4.467130e-07
V_OH1_V4 = 4.999983e-01
V_OH2_V4 = 8.624691e-08
V_OH1_V5 = 1.051357e-07
V_OH2_V5 = 4.999988e-01
V_OH1_V6 = 8.206348e-08
V_OH2_V6 = 4.999988e-01
V_OH1_V7 = 4.999993e-01
V_OH2_V7 = 1.293278e-07
V_OH1_V8 = 4.999997e-01
V_OH2_V8 = 9.335361e-08
V_OH1_V9 = 1.036163e-07
V_OH2_V9 = 4.999988e-01
V_OH1_V10 = 8.206864e-08
V_OH2_V10 = 4.999988e-01
V_OH1_V11 = 4.999997e-01
V_OH2_V11 = 1.319155e-07
V_OH1_V12 = 9.459403e-08
V_OH2_V12 = 1.814209e-06
V_OH1_V13 = 4.999997e-01
V_OH2_V13 = 1.439380e-05
V_OH1_V14 = 4.999998e-01
V_OH2_V14 = 5.666710e-06
V_OH1_V15 = 9.950957e-08
V_OH2_V15 = 2.112664e-08
T_BI_RISE = 4.002500e-09
T_OH1_RISE = 1.115483e-09
TPD_OH1 = -2.887017e-09
I_AVG = -9.694342e-07
I_SWITCH = -1.214003e-06
