TPD_OH1 = 2.59065e-10
I_AVG = -1.77645e-06
I_SWITCH = -3.81321e-06
I_PEAK = 1.53297e-05
