TPD_OH1 = 3.16072e-10
I_AVG = -5.80732e-07
I_SWITCH = -1.24154e-06
I_PEAK = 1.43958e-05
